dat=[
1.53529,41.4779,17.5,17.5,17.1,16.9,16.8,17,17,17.3,17.4,18.8,20.8,24.6,28.1;
2.21483,42.11477,20.6,19.6,19.1,18.6,17.8,17.5,17,17,16.9,17.3,17.9,20.1,22.4;
2.06952,41.56568,23,22.8,22.3,22.2,22.2,22.5,22,21.8,21.6,22.7,24.4,27.5,29.6;
1.72195,41.28801,21.8,21.2,20.8,20.3,20.2,20.2,20.2,20.5,21.1,22.9,24.9,26.4,28.4;
0.95172,41.6566,20.1,20,19.7,19.2,19,18.8,18.1,17.9,17.7,18.3,20,22.9,24.7;
1.16234,41.66695,23.1,22.9,22.9,22.1,22.1,22.5,22.9,23.5,23.8,24.4,26.1,28.3,29.3;
1.29609,41.67555,22.2,22.1,21.6,21.2,21.2,21.4,21.2,21.9,20.3,21.1,23.5,26.3,29;
0.39988,40.71825,23.4,23.2,22.6,22.4,22.2,22.3,22.3,22,21.8,22.3,23.8,26.8,29.8;
2.20862,42.07398,19.8,19.6,18.5,18.8,18.2,18.4,18.5,18.6,18.2,18.4,19.8,21.8,24;
1.43277,42.37083,18.7,18.1,17.7,17.1,17.3,16.4,16,15.5,15.8,16.1,17.5,20,20.3;
1.80813,41.53109,25.3,25.2,24.8,24.4,25,24.8,24,23.9,24,24.6,25.4,27.2,28.6;
2.41456,42.37717,20.4,20.4,19.5,19.8,19.3,18.4,18.5,18.3,18.6,19.2,22.3,24.1,25.2;
2.36429,42.25839,15.1,14.8,14.4,14.2,14.1,13.9,13.7,13.5,13.5,13.9,16,18.7,20.3;
1.33132,42.21624,20.4,20.2,20,19.5,18.9,18.9,18.4,17.8,17.7,17.6,17.9,18.8,20;
1.76796,41.67399,18.5,18.4,17.9,17.6,17.2,17,16.9,16.8,17.1,17.2,19,20.8,22.4;
1.03893,42.13924,23.1,22.1,21.6,20.8,20.8,20.8,20.7,19.9,19.5,19.8,20.3,22.3,22.7;
1.02569,41.99546,22.2,21.9,23.5,24.5,25.4,22.5,20.8,21.8,25.2,25,24.1,22.5,23.9;
1.9624,42.08032,23.3,23.6,23.5,22.7,22.9,23.5,23.8,24,23.5,23.5,25,27.1,28.3;
0.74362,42.39811,11.4,11.1,10.9,10.4,10.1,9.7,9.5,9.2,9.1,9.3,9.8,11,12.7;
1.09894,41.39241,20.4,20.4,20.1,19.4,19.1,19,18.6,18.7,18.2,19.1,20.8,22.9,25.8;
2.17873,41.87813,23.5,24.3,24,22.8,22.8,22.7,22.6,22.8,23,23.8,24.6,25.1,26.4;
0.75383,41.28521,23.4,23.5,23.5,23.3,23.6,23.8,24,23.6,23.3,23.5,24.5,26.2,28;
1.915,41.59252,19.5,19.7,19.7,19.5,19.5,19.3,19.3,19.6,19,18.8,19.7,21,21.9;
1.93564,41.38197,27.8,28.2,28.2,27.6,26.5,25.9,25.4,25.8,25.5,25.4,27.3,28.1,30.6;
3.18147,42.27068,25,24.2,24.7,24.7,24.2,24.7,24.9,30.5,26,25,25.7,28.6,30.7;
2.12379,41.41864,29.1,29.3,28.6,29.3,30,30.2,30.4,30.4,30.6,31.6,32,33,33.1;
3.16622,42.43515,32,31,29.6,29.9,30.4,30,29.4,30.4,30.6,31.8,32.6,33.3,33.8;
0.59376,41.18499,25,23.8,22.9,22.6,22.4,21.5,21.2,20.7,20.6,20.9,21.5,23,24.6;
0.30565,40.95134,22.4,22.4,22.4,22.5,22.5,22.8,23.1,23.8,23.8,23.4,23.6,24.7,25.5;
1.52121,41.21553,20.9,20.3,19.9,19.4,19.6,19.4,18.8,18.9,19.3,20.9,24.1,25.7,27.1;
0.71581,40.87287,23.2,23,22.8,23.2,23.7,23.9,23.6,23.8,23.7,23.1,24,25.1,26.5;
3.03543,41.97751,22.8,21.7,21.5,21.7,21.5,21.4,21,20.8,20.8,21.5,23.2,25.3,28.6;
2.15517,42.39848,18.1,17.8,17.7,17.4,17.3,16.8,17.3,17.3,17.3,17.6,17.4,17.7,18.1;
1.62386,41.43292,25.7,25.2,26.3,27.3,26.7,27,26.5,27.1,28,27.8,28.5,29.7,31.4;
2.78969,42.11653,25,24.7,24.9,24.6,25.3,24.8,25.2,24.8,24.9,25.1,26.5,27.8,28.8;
1.41846,41.14677,23.3,23,22.6,22.2,22,21.9,22,21.8,21.9,21.8,23.4,25.4,28.2;
0.83449,40.70719,25.1,25.1,25.3,25,24.9,24.7,23.4,23,23.2,23.6,24.1,25.3,26.6;
2.63108,41.96095,27,27,26.4,24.9,23.9,23.3,23.2,22.4,24.1,24.4,25.4,26.4,27.5;
3.03241,41.80857,24.2,23.9,23.8,23.7,23.3,23.3,23.1,22.7,22.7,23.2,24.7,27.3,29;
1.8664,42.38605,12.2,12.4,11.8,11.4,11.2,10.7,9.7,10.3,8.7,10.1,12.9,14.7,16.6;
1.36259,41.30728,22.1,22.1,21.8,22.7,22.3,22.2,22.7,23.2,23.2,23.5,24.9,26.8,28.7;
1.65306,41.58642,18.2,18,17.6,17.3,17,16.9,16.6,16.5,16.8,17.7,19.5,21.1,24.1;
2.83423,42.34215,23.9,23.6,23.6,25.5,24.7,24.3,24,23.7,23.7,24.4,25.7,26.8,28.4;
2.69436,41.73894,23,22.2,21.2,21.1,20.8,20.5,19.9,19.6,20.5,21.2,21.5,23.2,24.8;
1.69584,41.92047,18,17.6,17.2,16.9,16.7,16.5,16.2,15.6,15.8,15.7,16.1,17,19.2;
0.9106,41.25079,22.9,23,22.9,23,22.8,22.7,22.6,22.8,22.8,23.1,24.1,25.7,28.3;
1.97609,42.25945,15.7,16,15.9,15.9,15.8,15.8,15.3,14.9,15,15.5,16.8,18.6,20.4;
1.67295,42.13598,13.4,13.1,12.7,12.3,12,11.7,11.4,11.2,11,11.1,11.5,12.5,14.3;
3.0968,42.17716,23.4,21.9,21.2,20.7,20,20.7,19.9,19.4,19.5,22.9,24.6,26.5,28.7;
1.63032,41.37491,20.9,20.8,20.7,20.6,20.7,20.7,20.6,20.8,21,22,23.9,25.9,27.3;
1.84699,41.83094,22.8,22.1,21.8,20.9,21.2,20.3,20.3,20.2,20,21,23.1,24,25.1;
1.06661,41.08017,22.4,21.5,21.2,20.4,20,20.1,19.8,19.2,20.1,20.3,23,26.3,28.8;
0.50525,40.85936,24.6,24.8,24.4,24,24,23.6,23.3,23.1,23.1,23.3,23.9,24.7,26.3;
0.61635,40.76947,24.3,24.1,23.9,23.5,23.3,22.9,22.5,22.1,22,22.6,24,26.4,28;
0.76943,40.9091,23.1,23.1,23.1,23,22.5,23.2,23.2,23,23,23.6,24.7,26.1,28.4;
3.06195,42.05398,23.1,23.1,21.3,21,20.7,20.2,20,20,20,21.5,22.5,24.3,27.3;
3.15719,42.02306,24.2,24.8,25.2,24.4,22,21.2,21.7,21.3,20.4,21.4,23.5,25.2,27.1;
1.90775,41.28832,27.6,27.8,28.1,28.3,28.5,28.4,28.6,28.9,29.2,29.5,29.9,30.7,31.9;
2.03787,41.29928,22.7,21.8,23,24.4,24.8,23.1,24.2,23.8,23.9,25,26,27.7,30.2;
1.48769,41.34171,26.3,26.2,26.9,27.4,28.7,28.9,29.3,28,27.3,28.2,29.3,30.8,31.7;
1.76218,42.26477,22.3,22.1,21.5,21.4,21.7,21.6,20.7,20.1,19.8,20.8,22.9,25,26.1;
1.3683,41.52879,23,22.9,23.3,22.7,23.7,22,22.1,21.3,21.5,22.4,24.2,26.7,28.6;
1.80479,41.27861,25.5,25.4,25.7,25,25.5,25.6,24.7,24.2,24.5,25.2,25.5,26.6,29.4;
0.66789,41.35991,25.6,24.9,22.1,21.3,20.9,20.5,20,20.2,19.6,21.7,23.1,27.9,28.3;
2.92694,41.87449,20.5,20.2,19.9,19.8,19.5,19.3,19,19,18.7,19.5,21.3,24.2,27.1;
2.82069,41.91461,20,19.6,19.1,18.8,18.4,18.4,18,17.7,17.7,18.6,20.8,23.8,26;
2.37702,41.51773,30.3,30.8,30.9,30.3,27.8,29,27.9,26,25.9,26.5,28.1,30,33.8;
2.44532,41.61991,26.5,26.2,26.8,26.3,25.7,25.9,26.6,26.5,26.4,26.7,27,29.1,31;
0.52329,40.55786,23.7,23.2,22.9,22.9,22.6,22.3,22.2,21.9,21.8,22.4,23.8,26,27.8;
0.6321,40.70776,25.1,24.8,24.5,24.2,24,23.7,23.6,23.3,23,22.8,23.4,23.9,24.7;
0.65922,40.62725,24.7,24.7,24.5,24.5,24.1,24.1,24,24,24,24.1,24.3,25.2,25.8;
0.37112,40.62652,20.9,20.5,20.2,20,19.7,19.6,19.5,19.4,19.6,20.1,21.2,23.5,26.2;
0.76103,41.87912,21.9,21.5,21.4,21.1,20.4,20.3,20.7,19.3,19.6,19.9,22.8,25.8,27.9;
0.82939,41.78487,21.7,21.2,20.8,20.3,19.5,19.3,18.7,18.5,18.3,18.7,19.8,21.6,24.1;
2.11993,42.03947,20.7,20.9,20.9,21.2,20.4,20.1,20.3,20.4,20.7,21.8,23.6,25.3,27.4;
0.87741,41.67279,19.4,18.7,18.5,18.1,17.7,17.3,17,17.4,17.4,18.2,20.6,22.5,24.7;
0.51101,41.1964,25.1,25.2,24.4,22.6,21.7,21.2,21.4,21.4,21.1,21.7,23.4,25.2,26;
0.63517,41.06289,22.1,21.9,21.2,21.5,20.2,20.6,19.6,20.1,19.3,19.1,21.4,22.4,24.7;
0.43266,41.24415,25.9,25.7,25,24,23.6,23.2,23.2,22.7,22.8,22.8,23.4,24.4,25;
1.20381,41.68939,22,21.7,21.2,21.4,21.4,21.9,22.6,22.7,22.8,22.1,23.1,24.8,27.1;
0.3932,41.65825,22.1,22,21.2,20.8,19.4,18.9,18.7,18.5,18.4,19.1,20.8,23.5,24.7;
0.4487,41.68328,24.6,24,23.2,21.9,20.5,19.1,18.3,17.8,17.5,18.1,20.5,23.4,26.1;
0.62839,41.7145,20.7,20.1,19.7,19.8,20.2,19,18.7,18.1,18.9,19.6,20.9,22.7,24.5;
1.42792,42.08745,20.6,20.6,20.9,20.9,21.1,21,21.3,21.1,21.2,21.9,23.3,24.9,26.4;
1.53853,41.80483,21.4,21.2,20.3,19.9,20.5,20.6,20.5,21.1,21.2,20.8,22.8,25.5,27.9;
1.16774,41.1713,21,20.2,20.1,20.5,20,20,19.7,19.9,20.4,21.3,23,26.2,29.1;
0.77889,42.63835,15.8,15.6,15.1,15.2,15.3,14.8,15.5,15.9,16.4,16.3,16.7,17.2,17.5;
1.91718,41.63286,22,21.5,20.8,20.5,20,19.7,19.9,19.6,19.2,19.2,20.8,22.2,22.4;
2.02647,41.68129,25.1,25.4,24.6,22.7,22.9,19.8,19.2,19.6,19.5,19.9,20.4,21.7,24.7;
2.30291,41.74761,22.8,22.9,22.9,23.1,23.8,23.9,23.3,22.9,23.6,24.1,25.9,26.4,26.8;
1.29863,41.25095,21.3,21.3,21.4,21.6,21.6,22.1,21.6,21.2,21.2,22.4,23.8,26.4,29.1;
3.00736,42.38443,22.7,23.2,22.6,22.8,21.8,21.4,20.8,21.2,21.1,21.8,23.9,29.3,32.8;
3.09021,42.24726,22.5,22,22.4,22,21.2,21.1,20.3,19.6,20.2,22.1,24.5,26.6,28.8;
1.72857,41.36619,22.1,21.9,21.4,20.9,21,21.2,21.1,21.2,21.3,21.7,22.6,24.2,25.6;
1.31489,42.07683,20,20,19.8,20.2,23.1,24.7,24.9,24.7,24.8,24.5,24.5,24.9,25.8;
1.15998,41.44237,19.3,18.9,18.8,18.6,18.2,17.9,17.6,17.6,17.9,18.6,21.3,24.4,26.8;
2.45451,42.14557,17.5,17.4,17.3,16.8,16.4,16.2,16,15.8,15.6,16.3,18.4,20.6,22.9;
1.1541,41.87694,20.8,20.7,20.7,19.6,19.6,19.8,19.2,19,19.3,19.8,21.6,23.1,24.8;
0.67022,41.76036,22.8,21.7,21.5,20.4,20.4,21.1,20.7,20,20.3,21.2,22.7,24.2,26.7;
0.92446,41.63642,21.5,19.6,19,19.5,19,18.4,18,17.2,16.9,18.2,20.3,22.3,24.4;
